no  cate  ----- electricity used -----  year_bill  year_elec  area    BUI  sub-cate
 1    R   128  260  328  554  510  286     4761      2066    100.20  20.62  R _3
 2    B1  179  345  368 1600 1260  416    13575      4168     66.20  62.96  B1_4
 3    R    86  179  208  318  438  148     2837      1377     60.80  22.65  R _3
 4    B1  367  498  788 1205 1066  682    13797      4606     68.30  67.44  B1_4
 5    R   212  250  641 1170 1284  592    14463      4149    212.50  19.52  R _2
 6    B2  218  338  501  866 1092  819    11236      3834     78.40  48.90  B2_2
 7    R   102  158  260  430  450  202     3464      1602     80.90  19.80  R _2
 8    R   150  255  361  582  663  367     5924      2378     99.20  23.97  R _3
 9    B2  210  318  529  777  789  368     8211      2991     80.70  37.06  B2_1
10    R   187  243  274  469  614  396     5141      2183    150.30  14.52  R _1
11    B1  350  348  389  746 1153  333     9507      3319     92.50  35.88  B1_1
12    R   178  270  212  667  769  646     7551      2742    160.50  17.08  R _2
13    R   185  233  395  582  815  368     6847      2578    125.30  20.57  R _3
14    B2  328  425  603  928 1455  819    13826      4558     81.60  55.86  B2_3
15    R   187  207  256  621  628  350     5626      2249     77.20  29.13  R _4
16    B1  192  211  255  503  715  301     5694      2177     45.80  47.53  B1_2
17    R   163  284  332  597  821  412     6954      2609    183.50  14.22  R _1
18    R    88  121  150  348  350  165     2414      1222     65.80  18.57  R _2
19    R   186  273  260  500  612  413     5321      2244     77.90  28.81  R _4
20    R   277  333  407 1084 1450  407    13846      3958    132.30  29.92  R _4
21    B1  464  767  822 2051 2412 1346    29385      7862    200.30  39.25  B1_1
22    R   137  206  360  658  833  405     7143      2599     95.30  27.27  R _4
23    R   100  248  369  509  706  439     5912      2371    121.60  19.50  R _2
24    B2  367  545  830 1546 1689 1497    20970      6474    180.50  35.87  B2_1
25    R   137  253  278  618  790  309     6367      2385    113.60  20.99  R _3
26    B1  173  244  486 1066  970  464    10127      3403     72.10  47.20  B1_2
27    B1  179  293  362  794  813  436     7978      2877     84.50  34.05  B1_1
28    B1  195  211  336  507  855  481     6987      2585     72.20  35.80  B1_1
29    R   199  210  250  570  703  344     5740      2276     96.20  23.66  R _3
30    R   160  206  358  514  615  471     5600      2324     78.50  29.61  R _4
31    R   181  273  378  570  867  347     7039      2616    163.20  16.03  R _2
32    B2  494  556  925 1568 1837 1068    20945      6448    119.50  53.96  B2_3
33    R   374  514  534 1210 1541  887    18201      5060    218.30  23.18  R _3
34    R   110  245  343  556  834  487     6896      2575     88.20  29.20  R _4
35    B2  319  488  979 1701 1458  879    18736      5824     95.60  60.92  B2_4
36    B1  389  442  856 1026 1766  656    16576      5135    165.20  31.08  B1_1
37    R   185  206  203  545  771  449     6161      2359    124.50  18.95  R _2
38    B1  599  724  921 1506 1692  966    20884      6408    120.60  53.13  B1_3
39    B2  658  658  780 1310 1500  999    18454      5905    192.50  30.68  B2_1
40    R   140  256  340  614  831  356     6841      2537    182.20  13.92  R _1
41    R   394  521  406 1021 1211  985    15137      4538    195.30  23.24  R _3
42    B1  378  316  514  856  862  540     9703      3466     55.80  62.11  B1_4
total number= 42
number of Resident= 24 number of Business I= 11 number of Business II=  7
Sub of Resident    (category 1~4): 3 7 8 6
Sub of Business  I (category 1~4): 5 2 1 3
Sub of Business II (category 1~4): 3 1 2 1
